-- phpMyAdmin SQL Dump
-- version 4.9.0.1
-- https://www.phpmyadmin.net/
--
-- Host: 127.0.0.1
-- Waktu pembuatan: 06 Mar 2020 pada 05.26
-- Versi server: 10.3.16-MariaDB
-- Versi PHP: 7.3.7

SET SQL_MODE = "NO_AUTO_VALUE_ON_ZERO";
SET AUTOCOMMIT = 0;
START TRANSACTION;
SET time_zone = "+00:00";


/*!40101 SET @OLD_CHARACTER_SET_CLIENT=@@CHARACTER_SET_CLIENT */;
/*!40101 SET @OLD_CHARACTER_SET_RESULTS=@@CHARACTER_SET_RESULTS */;
/*!40101 SET @OLD_COLLATION_CONNECTION=@@COLLATION_CONNECTION */;
/*!40101 SET NAMES utf8mb4 */;

--
-- Database: `db_ta`
--

-- --------------------------------------------------------

--
-- Struktur dari tabel `dataset`
--

CREATE TABLE `dataset` (
  `id` int(11) NOT NULL,
  `name` varchar(6) NOT NULL,
  `x1` varchar(10) NOT NULL,
  `x2` varchar(10) NOT NULL,
  `x3` varchar(10) NOT NULL,
  `x4` varchar(10) NOT NULL,
  `x5` varchar(10) NOT NULL
) ENGINE=InnoDB DEFAULT CHARSET=latin1;

--
-- Dumping data untuk tabel `dataset`
--

INSERT INTO `dataset` (`id`, `name`, `x1`, `x2`, `x3`, `x4`, `x5`) VALUES
(1, 'S001', '4', '1', '1', '0', '1'),
(2, 'S002', '4', '1', '1', '2', '3'),
(3, 'S003', '4', '1', '1', '0', '3'),
(4, 'S004', '4', '1', '1', '2', '4'),
(5, 'S005', '4', '1', '1', '2', '6'),
(6, 'S006', '4', '1', '1', '3', '4'),
(7, 'S007', '3', '1', '4', '6', '8'),
(8, 'S008', '3', '1', '1', '1', '0'),
(9, 'S009', '3', '1', '2', '1', '2'),
(10, 'S010', '3', '1', '1', '0', '0'),
(11, 'S011', '3', '1', '3', '5', '4'),
(12, 'S012', '2', '2', '2', '3', '4'),
(13, 'S013', '4', '1', '2', '0', '1'),
(14, 'S014', '4', '1', '3', '2', '2'),
(15, 'S015', '4', '1', '2', '3', '2'),
(16, 'S016', '4', '1', '2', '0', '0'),
(17, 'S017', '2', '1', '2', '1', '2'),
(18, 'S018', '4', '1', '2', '2', '4'),
(19, 'S019', '4', '1', '4', '3', '6'),
(20, 'S020', '4', '1', '2', '6', '5'),
(21, 'S021', '2', '1', '2', '4', '2'),
(22, 'S022', '4', '1', '4', '5', '3'),
(23, 'S023', '3', '1', '1', '2', '3'),
(24, 'S024', '4', '1', '4', '1', '3'),
(25, 'S025', '4', '1', '3', '6', '6'),
(26, 'S026', '2', '2', '3', '2', '1'),
(27, 'S027', '2', '1', '3', '4', '5'),
(28, 'S028', '2', '1', '3', '3', '2'),
(29, 'S029', '4', '1', '2', '3', '1'),
(30, 'S030', '4', '1', '3', '3', '2'),
(31, 'S031', '1', '1', '2', '2', '2'),
(32, 'S032', '2', '1', '5', '7', '8'),
(33, 'S033', '4', '1', '2', '1', '3'),
(34, 'S034', '4', '1', '2', '4', '3'),
(35, 'S035', '2', '1', '5', '6', '6'),
(36, 'S036', '2', '2', '3', '3', '5'),
(37, 'S037', '2', '2', '3', '3', '4'),
(38, 'S038', '4', '2', '2', '6', '8'),
(39, 'S039', '3', '2', '3', '4', '6'),
(40, 'S040', '4', '2', '3', '5', '7'),
(41, 'S041', '4', '1', '1', '0', '0'),
(42, 'S042', '4', '2', '1', '1', '0'),
(43, 'S043', '2', '2', '3', '6', '5'),
(44, 'S044', '2', '1', '4', '7', '6'),
(45, 'S045', '4', '2', '3', '4', '6'),
(46, 'S046', '4', '1', '2', '5', '6'),
(47, 'S047', '4', '1', '2', '1', '2'),
(48, 'S048', '2', '1', '3', '3', '1'),
(49, 'S049', '4', '2', '3', '2', '3'),
(50, 'S050', '2', '2', '5', '9', '9'),
(51, 'S051', '4', '1', '2', '4', '2'),
(52, 'S052', '4', '2', '3', '3', '7'),
(53, 'S053', '3', '1', '1', '1', '1'),
(54, 'S054', '4', '1', '3', '3', '1'),
(55, 'S055', '4', '2', '2', '1', '1'),
(56, 'S056', '4', '3', '1', '1', '1'),
(57, 'S057', '2', '2', '2', '3', '4'),
(58, 'S058', '2', '3', '2', '2', '2'),
(59, 'S059', '4', '1', '1', '1', '2'),
(60, 'S060', '4', '1', '1', '2', '1'),
(61, 'S061', '4', '3', '2', '0', '2'),
(62, 'S062', '3', '1', '2', '2', '3'),
(63, 'S063', '3', '2', '1', '0', '1'),
(64, 'S064', '4', '3', '2', '2', '1'),
(65, 'S065', '3', '2', '1', '0', '0'),
(66, 'S066', '4', '3', '2', '2', '2'),
(67, 'S067', '2', '3', '2', '3', '4'),
(68, 'S068', '4', '2', '1', '1', '3'),
(69, 'S069', '3', '2', '1', '2', '3'),
(70, 'S070', '4', '2', '1', '3', '3'),
(71, 'S071', '4', '2', '1', '2', '2'),
(72, 'S072', '4', '2', '2', '8', '6'),
(73, 'S073', '4', '2', '3', '5', '6'),
(74, 'S074', '4', '2', '1', '3', '1'),
(75, 'S075', '4', '1', '2', '1', '2'),
(76, 'S076', '4', '2', '3', '4', '2'),
(77, 'S077', '3', '1', '2', '1', '0'),
(78, 'S078', '3', '1', '2', '1', '1'),
(79, 'S079', '3', '1', '3', '3', '2'),
(80, 'S080', '3', '2', '3', '7', '6'),
(81, 'S081', '3', '2', '2', '8', '8'),
(82, 'S082', '3', '2', '4', '7', '6'),
(83, 'S083', '4', '3', '2', '2', '4'),
(84, 'S084', '4', '1', '5', '1', '3'),
(85, 'S085', '4', '1', '3', '5', '6'),
(86, 'S086', '4', '1', '3', '7', '4'),
(87, 'S087', '2', '1', '3', '6', '4'),
(88, 'S088', '4', '3', '3', '2', '4'),
(89, 'S089', '2', '1', '2', '3', '5'),
(90, 'S090', '2', '1', '3', '6', '5'),
(91, 'S091', '4', '2', '3', '1', '4'),
(92, 'S092', '4', '1', '3', '2', '4'),
(93, 'S093', '4', '2', '1', '0', '0'),
(94, 'S094', '4', '1', '3', '2', '1'),
(95, 'S095', '2', '2', '3', '3', '2'),
(96, 'S096', '2', '2', '3', '4', '3'),
(97, 'S097', '4', '2', '1', '0', '2'),
(98, 'S098', '4', '2', '2', '4', '3'),
(99, 'S099', '4', '1', '2', '1', '1'),
(100, 'S100', '3', '1', '3', '3', '5'),
(101, 'S101', '4', '2', '4', '3', '4'),
(102, 'S102', '2', '2', '2', '0', '0'),
(103, 'S103', '1', '2', '3', '9', '9'),
(104, 'S104', '4', '2', '3', '6', '3'),
(105, 'S105', '4', '2', '2', '6', '5'),
(106, 'S106', '3', '2', '2', '1', '1'),
(107, 'S107', '4', '2', '2', '4', '3'),
(108, 'S108', '4', '2', '2', '7', '7'),
(109, 'S109', '4', '1', '3', '2', '4'),
(110, 'S110', '4', '2', '5', '9', '8'),
(111, 'S111', '4', '2', '2', '6', '4'),
(112, 'S112', '4', '2', '1', '2', '3'),
(113, 'S113', '4', '2', '2', '2', '4'),
(114, 'S114', '4', '2', '4', '8', '9'),
(115, 'S115', '2', '1', '3', '6', '4'),
(116, 'S116', '4', '2', '3', '5', '4'),
(117, 'S117', '3', '2', '2', '2', '3'),
(118, 'S118', '4', '2', '2', '1', '3'),
(119, 'S119', '4', '2', '2', '3', '2'),
(120, 'S120', '4', '2', '1', '0', '1'),
(121, 'S121', '4', '2', '1', '3', '1'),
(122, 'S122', '4', '3', '2', '3', '4'),
(123, 'S123', '2', '2', '2', '1', '1'),
(124, 'S124', '4', '3', '2', '4', '3'),
(125, 'S125', '2', '2', '2', '3', '5'),
(126, 'S126', '4', '3', '1', '0', '0'),
(127, 'S127', '4', '1', '2', '3', '5'),
(128, 'S128', '4', '2', '3', '7', '5'),
(129, 'S129', '4', '2', '2', '5', '5'),
(130, 'S130', '4', '2', '2', '4', '5'),
(131, 'S131', '2', '1', '2', '2', '1'),
(132, 'S132', '2', '2', '1', '1', '1'),
(133, 'S133', '2', '1', '2', '6', '4'),
(134, 'S134', '4', '2', '1', '2', '1'),
(135, 'S135', '4', '2', '3', '2', '1'),
(136, 'S136', '4', '2', '1', '4', '1'),
(137, 'S137', '4', '2', '3', '4', '6'),
(138, 'S138', '4', '2', '3', '7', '9'),
(139, 'S139', '2', '2', '4', '8', '9'),
(140, 'S140', '4', '2', '4', '9', '9'),
(141, 'S141', '2', '1', '4', '7', '6'),
(142, 'S142', '4', '1', '2', '5', '2'),
(143, 'S143', '2', '2', '3', '7', '5'),
(144, 'S144', '2', '1', '2', '3', '3'),
(145, 'S145', '2', '1', '3', '4', '3'),
(146, 'S146', '2', '1', '2', '1', '2'),
(147, 'S147', '2', '1', '3', '5', '6'),
(148, 'S148', '4', '1', '3', '8', '6'),
(149, 'S149', '2', '2', '2', '6', '4'),
(150, 'S150', '2', '2', '4', '8', '8'),
(151, 'S151', '3', '2', '1', '0', '1'),
(152, 'S152', '3', '2', '2', '2', '4'),
(153, 'S153', '3', '2', '5', '9', '9'),
(154, 'S154', '3', '2', '3', '7', '8'),
(155, 'S155', '2', '2', '5', '8', '9'),
(156, 'S156', '4', '2', '2', '4', '1'),
(157, 'S157', '2', '1', '2', '3', '2'),
(158, 'S158', '1', '2', '1', '1', '0'),
(159, 'S159', '2', '1', '3', '5', '3'),
(160, 'S160', '2', '1', '2', '3', '3'),
(161, 'S161', '2', '1', '3', '5', '1'),
(162, 'S162', '4', '1', '3', '6', '7'),
(163, 'S163', '4', '1', '3', '4', '4'),
(164, 'S164', '2', '1', '2', '5', '1'),
(165, 'S165', '4', '2', '2', '2', '2'),
(166, 'S166', '2', '1', '1', '5', '6'),
(167, 'S167', '4', '1', '1', '2', '4'),
(168, 'S168', '4', '2', '3', '3', '7'),
(169, 'S169', '2', '2', '1', '2', '1'),
(170, 'S170', '3', '2', '2', '5', '3'),
(171, 'S171', '4', '2', '5', '2', '5'),
(172, 'S172', '4', '1', '3', '1', '4'),
(173, 'S173', '3', '2', '3', '2', '4'),
(174, 'S174', '3', '3', '5', '9', '9'),
(175, 'S175', '4', '2', '2', '3', '6'),
(176, 'S176', '2', '1', '3', '5', '4'),
(177, 'S177', '4', '1', '2', '3', '6'),
(178, 'S178', '4', '1', '5', '9', '9'),
(179, 'S179', '2', '2', '2', '2', '1'),
(180, 'S180', '4', '1', '5', '9', '9'),
(181, 'S181', '4', '2', '3', '3', '5'),
(182, 'S182', '2', '2', '2', '3', '4'),
(183, 'S183', '4', '2', '2', '1', '2'),
(184, 'S184', '4', '2', '3', '6', '4'),
(185, 'S185', '4', '1', '4', '7', '8'),
(186, 'S186', '2', '2', '4', '8', '8'),
(187, 'S187', '4', '2', '3', '6', '8'),
(188, 'S188', '2', '1', '2', '5', '2'),
(189, 'S189', '4', '2', '2', '1', '5'),
(190, 'S190', '4', '1', '4', '7', '8'),
(191, 'S191', '4', '1', '3', '4', '6'),
(192, 'S192', '4', '2', '1', '1', '4'),
(193, 'S193', '4', '1', '1', '4', '4'),
(194, 'S194', '4', '2', '3', '3', '6'),
(195, 'S195', '4', '2', '1', '3', '3'),
(196, 'S196', '4', '2', '2', '7', '5'),
(197, 'S197', '4', '1', '1', '2', '5'),
(198, 'S198', '4', '1', '1', '1', '4'),
(199, 'S199', '4', '2', '5', '8', '8'),
(200, 'S200', '4', '1', '1', '3', '6'),
(201, 'S201', '2', '1', '3', '4', '4'),
(202, 'S202', '1', '2', '2', '4', '3'),
(203, 'S203', '2', '3', '2', '6', '3'),
(204, 'S204', '4', '2', '1', '3', '2'),
(205, 'S205', '2', '2', '3', '5', '5'),
(206, 'S206', '4', '2', '4', '6', '6'),
(207, 'S207', '4', '2', '2', '2', '3'),
(208, 'S208', '4', '1', '1', '2', '2'),
(209, 'S209', '4', '2', '4', '8', '8'),
(210, 'S210', '4', '2', '4', '8', '8'),
(211, 'S211', '2', '3', '2', '2', '3'),
(212, 'S212', '2', '2', '3', '5', '4'),
(213, 'S213', '4', '1', '3', '4', '6'),
(214, 'S214', '4', '1', '4', '6', '5'),
(215, 'S215', '2', '3', '3', '4', '5'),
(216, 'S216', '2', '2', '2', '2', '2'),
(217, 'S217', '4', '2', '1', '4', '1'),
(218, 'S218', '4', '2', '4', '6', '7'),
(219, 'S219', '2', '2', '5', '9', '7'),
(220, 'S220', '4', '2', '1', '2', '2'),
(221, 'S221', '4', '2', '4', '5', '8'),
(222, 'S222', '4', '1', '2', '3', '3'),
(223, 'S223', '4', '2', '3', '5', '3'),
(224, 'S224', '4', '2', '3', '1', '5'),
(225, 'S225', '3', '2', '2', '2', '2'),
(226, 'S226', '3', '2', '2', '3', '4'),
(227, 'S227', '4', '2', '1', '4', '4'),
(228, 'S228', '4', '2', '2', '8', '7'),
(229, 'S229', '4', '2', '2', '3', '4'),
(230, 'S230', '3', '2', '2', '3', '3'),
(231, 'S231', '4', '2', '3', '3', '7'),
(232, 'S232', '2', '2', '3', '4', '5'),
(233, 'S233', '4', '2', '4', '4', '6'),
(234, 'S234', '4', '2', '3', '5', '2'),
(235, 'S235', '4', '3', '2', '2', '4'),
(236, 'S236', '3', '2', '3', '6', '6'),
(237, 'S237', '2', '2', '3', '6', '4'),
(238, 'S238', '4', '2', '3', '5', '5'),
(239, 'S239', '4', '2', '4', '7', '8'),
(240, 'S240', '2', '2', '2', '5', '1'),
(241, 'S241', '4', '2', '4', '0', '1'),
(242, 'S242', '4', '2', '2', '5', '3'),
(243, 'S243', '4', '2', '3', '4', '4'),
(244, 'S244', '2', '2', '3', '6', '7'),
(245, 'S245', '2', '2', '5', '7', '9'),
(246, 'S246', '2', '2', '2', '3', '5'),
(247, 'S247', '2', '2', '3', '5', '2'),
(248, 'S248', '4', '2', '5', '9', '9'),
(249, 'S249', '4', '2', '4', '8', '7'),
(250, 'S250', '3', '2', '3', '2', '5'),
(251, 'S251', '2', '1', '3', '3', '4'),
(252, 'S252', '4', '1', '2', '1', '4'),
(253, 'S253', '4', '2', '2', '1', '2'),
(254, 'S254', '2', '2', '3', '5', '6'),
(255, 'S255', '4', '1', '2', '3', '4'),
(256, 'S256', '2', '2', '3', '4', '2'),
(257, 'S257', '4', '1', '3', '7', '4'),
(258, 'S258', '3', '2', '2', '2', '4'),
(259, 'S259', '4', '1', '3', '5', '5'),
(260, 'S260', '2', '1', '2', '4', '1'),
(261, 'S261', '4', '1', '2', '5', '2'),
(262, 'S262', '4', '1', '3', '6', '8'),
(263, 'S263', '4', '1', '3', '3', '3'),
(264, 'S264', '3', '1', '2', '3', '4'),
(265, 'S265', '4', '1', '3', '3', '1'),
(266, 'S266', '3', '1', '2', '3', '3'),
(267, 'S267', '4', '1', '3', '6', '5'),
(268, 'S268', '4', '1', '3', '5', '5'),
(269, 'S269', '4', '1', '3', '4', '1'),
(270, 'S270', '4', '1', '2', '4', '4'),
(271, 'S271', '2', '2', '5', '5', '2'),
(272, 'S272', '4', '1', '3', '3', '0'),
(273, 'S273', '4', '1', '2', '4', '5'),
(274, 'S274', '4', '1', '2', '4', '5'),
(275, 'S275', '4', '2', '2', '6', '5'),
(276, 'S276', '2', '1', '3', '6', '7'),
(277, 'S277', '4', '1', '3', '6', '5'),
(278, 'S278', '4', '1', '2', '1', '6'),
(279, 'S279', '2', '1', '3', '4', '5'),
(280, 'S280', '4', '1', '2', '5', '3'),
(281, 'S281', '4', '1', '3', '2', '3'),
(282, 'S282', '4', '1', '2', '0', '5'),
(283, 'S283', '3', '1', '3', '5', '5'),
(284, 'S284', '4', '2', '2', '4', '6'),
(285, 'S285', '3', '1', '2', '2', '1'),
(286, 'S286', '4', '1', '3', '2', '4'),
(287, 'S287', '4', '1', '2', '3', '0'),
(288, 'S288', '4', '1', '3', '5', '4'),
(289, 'S289', '4', '1', '3', '5', '6'),
(290, 'S290', '2', '1', '3', '3', '2'),
(291, 'S291', '2', '1', '2', '3', '4'),
(292, 'S292', '4', '2', '2', '2', '4'),
(293, 'S293', '2', '1', '2', '2', '3'),
(294, 'S294', '4', '1', '3', '4', '3'),
(295, 'S295', '2', '2', '2', '3', '2'),
(296, 'S296', '4', '2', '1', '2', '7'),
(297, 'S297', '4', '3', '3', '3', '4'),
(298, 'S298', '3', '3', '3', '4', '5'),
(299, 'S299', '4', '3', '2', '2', '3'),
(300, 'S300', '4', '1', '3', '4', '3'),
(301, 'S301', '3', '2', '3', '5', '4'),
(302, 'S302', '4', '2', '3', '6', '7'),
(303, 'S303', '2', '3', '3', '5', '4'),
(304, 'S304', '4', '1', '2', '4', '6'),
(305, 'S305', '4', '2', '2', '5', '5'),
(306, 'S306', '4', '2', '4', '1', '1'),
(307, 'S307', '4', '2', '2', '4', '6'),
(308, 'S308', '4', '1', '2', '5', '5'),
(309, 'S309', '2', '2', '2', '4', '3'),
(310, 'S310', '2', '4', '2', '6', '2'),
(311, 'S311', '4', '2', '3', '5', '2'),
(312, 'S312', '4', '1', '5', '3', '0'),
(313, 'S313', '4', '1', '3', '1', '2'),
(314, 'S314', '3', '2', '3', '2', '1'),
(315, 'S315', '4', '1', '3', '6', '7'),
(316, 'S316', '4', '1', '3', '1', '4'),
(317, 'S317', '2', '2', '3', '6', '2'),
(318, 'S318', '2', '2', '2', '1', '2'),
(319, 'S319', '4', '2', '2', '3', '3'),
(320, 'S320', '2', '2', '4', '2', '5'),
(321, 'S321', '2', '2', '2', '2', '1'),
(322, 'S322', '4', '2', '2', '6', '4'),
(323, 'S323', '4', '2', '4', '8', '7'),
(324, 'S324', '2', '2', '3', '4', '3'),
(325, 'S325', '4', '2', '3', '5', '0'),
(326, 'S326', '2', '2', '4', '8', '7'),
(327, 'S327', '4', '2', '5', '3', '1'),
(328, 'S328', '4', '1', '2', '1', '5'),
(329, 'S329', '4', '2', '1', '4', '6'),
(330, 'S330', '4', '2', '3', '5', '1'),
(331, 'S331', '4', '2', '3', '6', '6'),
(332, 'S332', '4', '2', '4', '7', '6'),
(333, 'S333', '4', '4', '2', '5', '2'),
(334, 'S334', '3', '1', '2', '4', '3'),
(335, 'S335', '2', '2', '2', '4', '6'),
(336, 'S336', '4', '2', '3', '3', '3'),
(337, 'S337', '4', '2', '2', '0', '4'),
(338, 'S338', '3', '2', '2', '2', '1'),
(339, 'S339', '4', '2', '3', '4', '0'),
(340, 'S340', '4', '2', '3', '0', '3'),
(341, 'S341', '4', '2', '4', '7', '6'),
(342, 'S342', '4', '2', '3', '3', '6'),
(343, 'S343', '2', '2', '3', '2', '5'),
(344, 'S344', '4', '2', '3', '5', '2'),
(345, 'S345', '4', '2', '3', '4', '3'),
(346, 'S346', '4', '2', '3', '2', '5'),
(347, 'S347', '4', '3', '3', '4', '3'),
(348, 'S348', '4', '2', '3', '0', '5'),
(349, 'S349', '4', '2', '4', '6', '2'),
(350, 'S350', '4', '1', '2', '3', '5'),
(351, 'S351', '2', '2', '3', '2', '4'),
(352, 'S352', '4', '2', '3', '6', '2'),
(353, 'S353', '4', '1', '2', '1', '0'),
(354, 'S354', '4', '2', '4', '7', '6'),
(355, 'S355', '4', '2', '2', '2', '1'),
(356, 'S356', '2', '1', '2', '1', '1'),
(357, 'S357', '4', '1', '2', '4', '3'),
(358, 'S358', '2', '2', '1', '4', '1'),
(359, 'S359', '4', '2', '3', '4', '5'),
(360, 'S360', '4', '1', '3', '7', '6'),
(361, 'S361', '4', '2', '1', '1', '1'),
(362, 'S362', '4', '3', '3', '6', '5'),
(363, 'S363', '1', '2', '2', '2', '1'),
(364, 'S364', '2', '1', '1', '1', '0'),
(365, 'S365', '2', '1', '4', '8', '9'),
(366, 'S366', '2', '2', '1', '3', '1'),
(367, 'S367', '2', '2', '4', '8', '7'),
(368, 'S368', '2', '2', '3', '3', '2'),
(369, 'S369', '2', '2', '5', '6', '7'),
(370, 'S370', '4', '1', '2', '3', '6'),
(371, 'S371', '4', '3', '2', '4', '1'),
(372, 'S372', '4', '2', '2', '4', '1'),
(373, 'S373', '4', '2', '1', '3', '5'),
(374, 'S374', '4', '2', '5', '3', '0'),
(375, 'S375', '4', '1', '3', '3', '2'),
(376, 'S376', '4', '2', '5', '9', '9'),
(377, 'S377', '3', '2', '3', '6', '5'),
(378, 'S378', '4', '2', '1', '1', '1'),
(379, 'S379', '2', '3', '5', '9', '9'),
(380, 'S380', '1', '1', '2', '2', '1'),
(381, 'S381', '1', '1', '1', '1', '1'),
(382, 'S382', '2', '1', '3', '5', '4'),
(383, 'S383', '2', '1', '3', '6', '3'),
(384, 'S384', '4', '2', '3', '2', '2'),
(385, 'S385', '4', '2', '4', '7', '7'),
(386, 'S386', '4', '1', '3', '3', '4'),
(387, 'S387', '4', '1', '2', '1', '5'),
(388, 'S388', '4', '1', '1', '1', '2'),
(389, 'S389', '4', '1', '2', '4', '2'),
(390, 'S390', '4', '1', '3', '4', '2'),
(391, 'S391', '3', '2', '3', '8', '9'),
(392, 'S392', '4', '2', '4', '4', '3'),
(393, 'S393', '4', '4', '3', '6', '5'),
(394, 'S394', '1', '2', '3', '2', '2'),
(395, 'S395', '2', '1', '2', '2', '5'),
(396, 'S396', '2', '2', '5', '8', '9'),
(397, 'S397', '4', '2', '3', '5', '0'),
(398, 'S398', '3', '1', '3', '4', '5'),
(399, 'S399', '4', '1', '2', '2', '2'),
(400, 'S400', '4', '2', '2', '9', '8'),
(401, 'S401', '2', '1', '1', '1', '1'),
(402, 'S402', '4', '2', '1', '0', '3'),
(403, 'S403', '4', '2', '2', '2', '3'),
(404, 'S404', '4', '2', '3', '1', '3'),
(405, 'S405', '4', '2', '5', '9', '9'),
(406, 'S406', '2', '2', '3', '6', '6'),
(407, 'S407', '2', '2', '2', '4', '3'),
(408, 'S408', '4', '2', '3', '4', '3'),
(409, 'S409', '2', '2', '1', '2', '1'),
(410, 'S410', '4', '2', '1', '1', '0'),
(411, 'S411', '4', '1', '4', '7', '6'),
(412, 'S412', '2', '2', '5', '2', '4'),
(413, 'S413', '2', '2', '4', '7', '8'),
(414, 'S414', '2', '2', '2', '2', '4'),
(415, 'S415', '4', '1', '2', '1', '3'),
(416, 'S416', '4', '2', '2', '4', '6'),
(417, 'S417', '4', '1', '3', '6', '7'),
(418, 'S418', '4', '2', '5', '4', '0'),
(419, 'S419', '2', '2', '3', '4', '5'),
(420, 'S420', '1', '2', '3', '3', '4'),
(421, 'S421', '4', '2', '3', '2', '4'),
(422, 'S422', '4', '2', '4', '6', '1'),
(423, 'S423', '1', '2', '2', '3', '3'),
(424, 'S424', '2', '1', '2', '1', '1'),
(425, 'S425', '4', '1', '5', '1', '4'),
(426, 'S426', '2', '2', '2', '3', '3'),
(427, 'S427', '2', '2', '2', '1', '2'),
(428, 'S428', '4', '2', '1', '1', '0'),
(429, 'S429', '4', '2', '2', '4', '2'),
(430, 'S430', '4', '2', '3', '3', '4'),
(431, 'S431', '4', '1', '3', '5', '1'),
(432, 'S432', '4', '1', '3', '5', '6'),
(433, 'S433', '4', '2', '3', '4', '7'),
(434, 'S434', '4', '2', '5', '1', '4'),
(435, 'S435', '4', '2', '3', '6', '5'),
(436, 'S436', '4', '2', '2', '2', '1'),
(437, 'S437', '4', '2', '5', '0', '2'),
(438, 'S438', '2', '1', '2', '3', '2'),
(439, 'S439', '2', '1', '3', '2', '6'),
(440, 'S440', '4', '2', '3', '4', '8'),
(441, 'S441', '2', '1', '1', '0', '0'),
(442, 'S442', '4', '1', '2', '2', '1'),
(443, 'S443', '1', '2', '2', '2', '2'),
(444, 'S444', '2', '2', '2', '1', '2'),
(445, 'S445', '2', '3', '2', '1', '1'),
(446, 'S446', '2', '1', '4', '2', '1'),
(447, 'S447', '4', '2', '1', '1', '2'),
(448, 'S448', '4', '3', '2', '4', '6'),
(449, 'S449', '2', '1', '1', '0', '0'),
(450, 'S450', '4', '1', '1', '2', '5'),
(451, 'S451', '4', '2', '2', '2', '1'),
(452, 'S452', '2', '3', '2', '3', '6'),
(453, 'S453', '2', '2', '3', '8', '7'),
(454, 'S454', '2', '2', '1', '2', '2'),
(455, 'S455', '4', '2', '2', '3', '3'),
(456, 'S456', '4', '2', '5', '4', '2'),
(457, 'S457', '4', '2', '1', '2', '4'),
(458, 'S458', '4', '2', '2', '9', '9'),
(459, 'S459', '4', '2', '5', '9', '8'),
(460, 'S460', '2', '2', '2', '3', '2'),
(461, 'S461', '4', '3', '3', '4', '5'),
(462, 'S462', '2', '2', '3', '2', '0'),
(463, 'S463', '4', '2', '1', '1', '1'),
(464, 'S464', '4', '1', '2', '2', '2'),
(465, 'S465', '3', '1', '1', '1', '2'),
(466, 'S466', '2', '1', '1', '1', '2'),
(467, 'S467', '2', '1', '1', '1', '1'),
(468, 'S468', '4', '2', '4', '7', '8'),
(469, 'S469', '4', '2', '5', '3', '5'),
(470, 'S470', '4', '2', '2', '3', '3'),
(471, 'S471', '2', '2', '2', '2', '3'),
(472, 'S472', '2', '2', '2', '3', '3'),
(473, 'S473', '2', '3', '2', '1', '4'),
(474, 'S474', '2', '2', '3', '4', '4'),
(475, 'S475', '2', '2', '1', '1', '2'),
(476, 'S476', '4', '1', '2', '2', '0'),
(477, 'S477', '4', '1', '3', '5', '3'),
(478, 'S478', '2', '2', '1', '1', '4'),
(479, 'S479', '2', '3', '1', '1', '2'),
(480, 'S480', '1', '3', '2', '2', '2'),
(481, 'S481', '2', '1', '2', '3', '3'),
(482, 'S482', '2', '1', '3', '4', '7'),
(483, 'S483', '4', '1', '1', '1', '0'),
(484, 'S484', '2', '1', '2', '4', '1'),
(485, 'S485', '2', '1', '2', '2', '4'),
(486, 'S486', '2', '1', '1', '1', '1'),
(487, 'S487', '2', '1', '1', '3', '1'),
(488, 'S488', '4', '1', '2', '5', '6'),
(489, 'S489', '4', '1', '2', '4', '6'),
(490, 'S490', '4', '1', '2', '3', '2'),
(491, 'S491', '4', '1', '2', '2', '3'),
(492, 'S492', '4', '1', '1', '1', '1'),
(493, 'S493', '4', '1', '1', '1', '2'),
(494, 'S494', '4', '1', '2', '6', '7'),
(495, 'S495', '4', '1', '3', '2', '5'),
(496, 'S496', '3', '1', '1', '1', '2'),
(497, 'S497', '4', '1', '1', '1', '2'),
(498, 'S498', '4', '1', '1', '1', '0'),
(499, 'S499', '4', '1', '1', '2', '4'),
(500, 'S500', '3', '1', '3', '4', '5'),
(501, 'S501', '2', '1', '2', '3', '2'),
(502, 'S502', '2', '2', '3', '5', '6'),
(503, 'S503', '4', '1', '1', '1', '0'),
(504, 'S504', '4', '1', '3', '4', '3'),
(505, 'S505', '4', '2', '4', '8', '7'),
(506, 'S506', '2', '1', '1', '1', '0');

-- --------------------------------------------------------

--
-- Struktur dari tabel `hpc`
--

CREATE TABLE `hpc` (
  `id` int(11) NOT NULL,
  `c` tinyint(1) NOT NULL,
  `v1` varchar(12) NOT NULL,
  `v2` varchar(12) NOT NULL,
  `v3` varchar(12) NOT NULL,
  `v4` varchar(12) NOT NULL,
  `v5` varchar(12) NOT NULL
) ENGINE=InnoDB DEFAULT CHARSET=latin1;

--
-- Dumping data untuk tabel `hpc`
--

INSERT INTO `hpc` (`id`, `c`, `v1`, `v2`, `v3`, `v4`, `v5`) VALUES
(1, 1, '3.30957148', '1.65820947', '2.52102321', '3.53157756', '3.91588938'),
(2, 2, '3.33073681', '1.75453136', '3.56777988', '6.90167618', '7.03385315'),
(3, 3, '3.20448788', '1.59848431', '1.88127495', '1.79900823', '1.69753600');

-- --------------------------------------------------------

--
-- Struktur dari tabel `matriks_s`
--

CREATE TABLE `matriks_s` (
  `id` int(11) NOT NULL,
  `u1` varchar(11) NOT NULL,
  `u2` varchar(11) NOT NULL,
  `u3` varchar(11) NOT NULL
) ENGINE=InnoDB DEFAULT CHARSET=latin1;

--
-- Dumping data untuk tabel `matriks_s`
--

INSERT INTO `matriks_s` (`id`, `u1`, `u2`, `u3`) VALUES
(1, '0.17633241', '0.04655543', '0.77711216'),
(2, '0.33758087', '0.04515252', '0.61726661'),
(3, '0.27035772', '0.06250611', '0.66713617'),
(4, '0.52059640', '0.07107912', '0.40832448'),
(5, '0.55836794', '0.16923413', '0.27239793'),
(6, '0.65685645', '0.07202694', '0.27111661'),
(7, '0.08954023', '0.87380043', '0.03665933'),
(8, '0.15377199', '0.04128301', '0.80494500'),
(9, '0.09361217', '0.01608850', '0.89029933'),
(10, '0.18197937', '0.05343378', '0.76458685'),
(11, '0.72396439', '0.15304594', '0.12298967'),
(12, '0.73034060', '0.06085875', '0.20880064'),
(13, '0.16837483', '0.04262638', '0.78899879'),
(14, '0.24069098', '0.03396670', '0.72534232'),
(15, '0.31858631', '0.03714536', '0.64426832'),
(16, '0.18664869', '0.05379109', '0.75956022'),
(17, '0.16424960', '0.03160008', '0.80415033'),
(18, '0.60491711', '0.05824388', '0.33683902'),
(19, '0.57302788', '0.25296044', '0.17401168'),
(20, '0.43689929', '0.43820962', '0.12489109'),
(21, '0.47683121', '0.07803091', '0.44513788'),
(22, '0.61030312', '0.17628489', '0.21341200'),
(23, '0.31294944', '0.03965031', '0.64740025'),
(24, '0.39658375', '0.07843621', '0.52498004'),
(25, '0.20429265', '0.73412456', '0.06158279'),
(26, '0.19945228', '0.04113920', '0.75940852'),
(27, '0.69040794', '0.17113778', '0.13845428'),
(28, '0.39613442', '0.05801823', '0.54584735'),
(29, '0.21845421', '0.03950941', '0.74203638'),
(30, '0.40485467', '0.04920332', '0.54594201'),
(31, '0.28935937', '0.06032393', '0.65031670'),
(32, '0.11891889', '0.82488636', '0.05619475'),
(33, '0.27187604', '0.04198972', '0.68613424'),
(34, '0.72657625', '0.05777336', '0.21565039'),
(35, '0.22839171', '0.68191662', '0.08969167'),
(36, '0.71688977', '0.11726942', '0.16584081'),
(37, '0.75011033', '0.06634163', '0.18354804'),
(38, '0.15570655', '0.78102813', '0.06326532'),
(39, '0.58712227', '0.29443467', '0.11844306'),
(40, '0.24287347', '0.68204891', '0.07507762'),
(41, '0.19116016', '0.05664329', '0.75219655'),
(42, '0.16361791', '0.04412363', '0.79225846'),
(43, '0.38307620', '0.50316836', '0.11375544'),
(44, '0.13999467', '0.80410089', '0.05590444'),
(45, '0.57670813', '0.30100970', '0.12228217'),
(46, '0.45467265', '0.42798378', '0.11734357'),
(47, '0.13042493', '0.02307653', '0.84649855'),
(48, '0.29045950', '0.05971821', '0.64982229'),
(49, '0.46362180', '0.04517394', '0.49120426'),
(50, '0.14724023', '0.77222766', '0.08053212'),
(51, '0.50255458', '0.06844923', '0.42899619'),
(52, '0.50068315', '0.33111391', '0.16820293'),
(53, '0.11185964', '0.02529553', '0.86284482'),
(54, '0.28039396', '0.05253375', '0.66707229'),
(55, '0.10668249', '0.02268156', '0.87063595'),
(56, '0.17923471', '0.04378578', '0.77697951'),
(57, '0.73034060', '0.06085875', '0.20880064'),
(58, '0.25441004', '0.04522577', '0.70036419'),
(59, '0.15331328', '0.03009011', '0.81659661'),
(60, '0.13625502', '0.02817739', '0.83556758'),
(61, '0.22786701', '0.05500597', '0.71712702'),
(62, '0.33961929', '0.03115944', '0.62922128'),
(63, '0.15984432', '0.04136871', '0.79878697'),
(64, '0.18263457', '0.03770473', '0.77966070'),
(65, '0.17967720', '0.05246902', '0.76785379'),
(66, '0.23356391', '0.03716704', '0.72926905'),
(67, '0.65118110', '0.08787753', '0.26094137'),
(68, '0.26493274', '0.04622271', '0.68884455'),
(69, '0.31021518', '0.03764328', '0.65214153'),
(70, '0.51026920', '0.05325809', '0.43647271'),
(71, '0.15627312', '0.02469513', '0.81903175'),
(72, '0.16027932', '0.76987498', '0.06984570'),
(73, '0.38980772', '0.51752373', '0.09266855'),
(74, '0.22026599', '0.04384901', '0.73588500'),
(75, '0.13042493', '0.02307653', '0.84649855'),
(76, '0.55208407', '0.07522308', '0.37269286'),
(77, '0.14310142', '0.03689340', '0.82000518'),
(78, '0.08756636', '0.01849875', '0.89393489'),
(79, '0.38573029', '0.04372633', '0.57054338'),
(80, '0.08288522', '0.88747023', '0.02964454'),
(81, '0.10796508', '0.84089532', '0.05113960'),
(82, '0.06917223', '0.90498654', '0.02584124'),
(83, '0.57262528', '0.07447097', '0.35290375'),
(84, '0.42375515', '0.11188745', '0.46435740'),
(85, '0.39770839', '0.50428615', '0.09800545'),
(86, '0.38030994', '0.47483534', '0.14485472'),
(87, '0.50136308', '0.33522053', '0.16341639'),
(88, '0.60045041', '0.08207036', '0.31747923'),
(89, '0.69728991', '0.11192307', '0.19078702'),
(90, '0.38875222', '0.49263524', '0.11861254'),
(91, '0.48359147', '0.07802724', '0.43838129'),
(92, '0.64042832', '0.06469341', '0.29487826'),
(93, '0.18906178', '0.05572111', '0.75521712'),
(94, '0.18108150', '0.03513979', '0.78377871'),
(95, '0.39864491', '0.05612875', '0.54522633'),
(96, '0.69065106', '0.08025603', '0.22909291'),
(97, '0.19505846', '0.04640423', '0.75853731'),
(98, '0.75117960', '0.05223511', '0.19658530'),
(99, '0.11402123', '0.02455956', '0.86141921'),
(100, '0.78916183', '0.08590566', '0.12493251'),
(101, '0.72593611', '0.08872701', '0.18533688'),
(102, '0.19390526', '0.05719676', '0.74889799'),
(103, '0.16911532', '0.73766887', '0.09321580'),
(104, '0.55697646', '0.24109556', '0.20192799'),
(105, '0.43392830', '0.44587390', '0.12019780'),
(106, '0.07886705', '0.01643796', '0.90469499'),
(107, '0.75117960', '0.05223511', '0.19658530'),
(108, '0.11201691', '0.84314236', '0.04484073'),
(109, '0.64042832', '0.06469341', '0.29487826'),
(110, '0.12083921', '0.81604884', '0.06311195'),
(111, '0.54655153', '0.29321293', '0.16023554'),
(112, '0.33667340', '0.04326728', '0.62005932'),
(113, '0.62030328', '0.05514278', '0.32455394'),
(114, '0.10073467', '0.84883011', '0.05043522'),
(115, '0.50136308', '0.33522053', '0.16341639'),
(116, '0.72020037', '0.15755192', '0.12224771'),
(117, '0.33749392', '0.02884387', '0.63366221'),
(118, '0.26800797', '0.04021357', '0.69177846'),
(119, '0.31566327', '0.03494035', '0.64939638'),
(120, '0.17321065', '0.04538530', '0.78140404'),
(121, '0.22026599', '0.04384901', '0.73588500'),
(122, '0.71344404', '0.07010396', '0.21645200'),
(123, '0.13495370', '0.03040229', '0.83464402'),
(124, '0.65883027', '0.08152324', '0.25964649'),
(125, '0.71153457', '0.10714758', '0.18131785'),
(126, '0.21188124', '0.06494055', '0.72317821'),
(127, '0.76148396', '0.08801430', '0.15050174'),
(128, '0.23983782', '0.67605396', '0.08410822'),
(129, '0.63186768', '0.24738553', '0.12074679'),
(130, '0.78000227', '0.11355319', '0.10644454'),
(131, '0.14600293', '0.02969610', '0.82430096'),
(132, '0.15008638', '0.03590340', '0.81401022'),
(133, '0.52110451', '0.29967573', '0.17921976'),
(134, '0.12884878', '0.02624295', '0.84490827'),
(135, '0.17460466', '0.03326266', '0.79213268'),
(136, '0.34377586', '0.07698465', '0.57923948'),
(137, '0.57670813', '0.30100970', '0.12228217'),
(138, '0.10316324', '0.84839640', '0.04844036'),
(139, '0.11712499', '0.82324187', '0.05963314'),
(140, '0.12407242', '0.81018337', '0.06574421'),
(141, '0.13999467', '0.80410089', '0.05590444'),
(142, '0.54527106', '0.11783213', '0.33689680'),
(143, '0.26333829', '0.63817427', '0.09848744'),
(144, '0.55211293', '0.05386920', '0.39401787'),
(145, '0.67409741', '0.08467233', '0.24123026'),
(146, '0.16424960', '0.03160008', '0.80415033'),
(147, '0.40205621', '0.48576686', '0.11217693'),
(148, '0.11805846', '0.83119395', '0.05074759'),
(149, '0.52432129', '0.30065812', '0.17502059'),
(150, '0.08878369', '0.86837423', '0.04284207'),
(151, '0.15984432', '0.04136871', '0.79878697'),
(152, '0.62914922', '0.04977478', '0.32107600'),
(153, '0.13403740', '0.79363971', '0.07232288'),
(154, '0.04599755', '0.93434823', '0.01965422'),
(155, '0.13282086', '0.79789123', '0.06928790'),
(156, '0.36203265', '0.07261983', '0.56534752'),
(157, '0.32906734', '0.04623149', '0.62470116'),
(158, '0.22356630', '0.06843876', '0.70799493'),
(159, '0.62642583', '0.14924767', '0.22432650'),
(160, '0.55211293', '0.05386920', '0.39401787'),
(161, '0.44434462', '0.13570232', '0.41995306'),
(162, '0.10960857', '0.85216117', '0.03823027'),
(163, '0.84582304', '0.06092146', '0.09325550'),
(164, '0.42856182', '0.12504830', '0.44638988'),
(165, '0.11831961', '0.01555814', '0.86612225'),
(166, '0.46411971', '0.37356472', '0.16231558'),
(167, '0.52059640', '0.07107912', '0.40832448'),
(168, '0.50068315', '0.33111391', '0.16820293'),
(169, '0.15722791', '0.03423520', '0.80853689'),
(170, '0.69413130', '0.10726084', '0.19860786'),
(171, '0.55191039', '0.18431381', '0.26377580'),
(172, '0.47849782', '0.07967608', '0.44182610'),
(173, '0.66929660', '0.05546985', '0.27523354'),
(174, '0.14555272', '0.77502623', '0.07942105'),
(175, '0.64532034', '0.18400416', '0.17067549'),
(176, '0.65048170', '0.19077967', '0.15873862'),
(177, '0.63658018', '0.18702760', '0.17639222'),
(178, '0.14120712', '0.78226990', '0.07652298'),
(179, '0.13859206', '0.02773293', '0.83367500'),
(180, '0.14120712', '0.78226990', '0.07652298'),
(181, '0.78652143', '0.08885171', '0.12462686'),
(182, '0.73034060', '0.06085875', '0.20880064'),
(183, '0.12064025', '0.02091278', '0.85844697'),
(184, '0.52213972', '0.33323843', '0.14462186'),
(185, '0.06152421', '0.91139085', '0.02708494'),
(186, '0.08878369', '0.86837423', '0.04284207'),
(187, '0.09475425', '0.86761492', '0.03763083'),
(188, '0.52017397', '0.12708583', '0.35274019'),
(189, '0.53036998', '0.10686689', '0.36276314'),
(190, '0.06152421', '0.91139085', '0.02708494'),
(191, '0.57162690', '0.30103507', '0.12733803'),
(192, '0.41260233', '0.07522493', '0.51217274'),
(193, '0.70111448', '0.09585318', '0.20303235'),
(194, '0.63859505', '0.20322896', '0.15817599'),
(195, '0.51026920', '0.05325809', '0.43647271'),
(196, '0.29928527', '0.59208403', '0.10863071'),
(197, '0.58173636', '0.10967610', '0.30858754'),
(198, '0.41028975', '0.07657976', '0.51313049'),
(199, '0.09326929', '0.86110678', '0.04562393'),
(200, '0.59179405', '0.19434525', '0.21386070'),
(201, '0.75439839', '0.09684161', '0.14876000'),
(202, '0.55757335', '0.11582368', '0.32660297'),
(203, '0.51560873', '0.24171324', '0.24267802'),
(204, '0.29818505', '0.04291693', '0.65889802'),
(205, '0.56531166', '0.30774753', '0.12694081'),
(206, '0.15507681', '0.79546328', '0.04945991'),
(207, '0.37247084', '0.03486298', '0.59266618'),
(208, '0.16593881', '0.02690981', '0.80715139'),
(209, '0.06501560', '0.90426868', '0.03071573'),
(210, '0.06501560', '0.90426868', '0.03071573'),
(211, '0.39987591', '0.06049900', '0.53962509'),
(212, '0.66155668', '0.18664453', '0.15179879'),
(213, '0.57162690', '0.30103507', '0.12733803'),
(214, '0.33454936', '0.56355822', '0.10189242'),
(215, '0.63736017', '0.20219970', '0.16044014'),
(216, '0.17331079', '0.02622694', '0.80046227'),
(217, '0.34377586', '0.07698465', '0.57923948'),
(218, '0.07383711', '0.89956886', '0.02659403'),
(219, '0.13815475', '0.79013780', '0.07170745'),
(220, '0.15627312', '0.02469513', '0.81903175'),
(221, '0.18139142', '0.74763755', '0.07097103'),
(222, '0.61669344', '0.04060952', '0.34269704'),
(223, '0.68623515', '0.12646022', '0.18730463'),
(224, '0.54649000', '0.11544661', '0.33806339'),
(225, '0.05063251', '0.00633025', '0.94303724'),
(226, '0.87737965', '0.02509277', '0.09752758'),
(227, '0.71726756', '0.09090139', '0.19183106'),
(228, '0.11466838', '0.83368963', '0.05164199'),
(229, '0.83679193', '0.03527048', '0.12793759'),
(230, '0.65554016', '0.03084413', '0.31361571'),
(231, '0.50068315', '0.33111391', '0.16820293'),
(232, '0.70392314', '0.16538434', '0.13069252'),
(233, '0.50566502', '0.36466578', '0.12966920'),
(234, '0.56810358', '0.12682932', '0.30506709'),
(235, '0.57262528', '0.07447097', '0.35290375'),
(236, '0.17029821', '0.78044790', '0.04925389'),
(237, '0.50333225', '0.33752753', '0.15914023'),
(238, '0.60128116', '0.29103580', '0.10768304'),
(239, '0.04840077', '0.93044595', '0.02115328'),
(240, '0.43092397', '0.12410494', '0.44497108'),
(241, '0.25522942', '0.07155264', '0.67321794'),
(242, '0.67951760', '0.11477127', '0.20571113'),
(243, '0.87493041', '0.04975468', '0.07531491'),
(244, '0.13668154', '0.81366310', '0.04965537'),
(245, '0.13493779', '0.79759614', '0.06746607'),
(246, '0.71153457', '0.10714758', '0.18131785'),
(247, '0.54022507', '0.13697982', '0.32279511'),
(248, '0.13677639', '0.78934960', '0.07387401'),
(249, '0.05433136', '0.92127515', '0.02439348'),
(250, '0.68592931', '0.09486728', '0.21920341'),
(251, '0.72965359', '0.07184239', '0.19850402'),
(252, '0.44368458', '0.07095094', '0.48536447'),
(253, '0.12064025', '0.02091278', '0.85844697'),
(254, '0.39641421', '0.49626083', '0.10732496'),
(255, '0.80479048', '0.04242929', '0.15278023'),
(256, '0.51847072', '0.08591789', '0.39561139'),
(257, '0.38030994', '0.47483534', '0.14485472'),
(258, '0.62914922', '0.04977478', '0.32107600'),
(259, '0.59423579', '0.29220189', '0.11356232'),
(260, '0.35946836', '0.08070533', '0.55982631'),
(261, '0.54527106', '0.11783213', '0.33689680'),
(262, '0.10929274', '0.84686589', '0.04384137'),
(263, '0.67161078', '0.04624237', '0.28214685'),
(264, '0.83902756', '0.03318441', '0.12778804'),
(265, '0.28039396', '0.05253375', '0.66707229'),
(266, '0.62639305', '0.03476269', '0.33884425'),
(267, '0.38315591', '0.51223992', '0.10460417'),
(268, '0.59423579', '0.29220189', '0.11356232'),
(269, '0.39751078', '0.08490804', '0.51758117'),
(270, '0.83823120', '0.05593401', '0.10583480'),
(271, '0.48610014', '0.20433912', '0.30956074'),
(272, '0.26278131', '0.06667680', '0.67054189'),
(273, '0.76077889', '0.12225369', '0.11696742'),
(274, '0.76077889', '0.12225369', '0.11696742'),
(275, '0.43392830', '0.44587390', '0.12019780'),
(276, '0.15288974', '0.79079982', '0.05631044'),
(277, '0.38315591', '0.51223992', '0.10460417'),
(278, '0.52764901', '0.15992592', '0.31242507'),
(279, '0.69040794', '0.17113778', '0.13845428'),
(280, '0.66607691', '0.11907083', '0.21485226'),
(281, '0.45653528', '0.04740897', '0.49605575'),
(282, '0.44496876', '0.11943794', '0.43559330'),
(283, '0.60731436', '0.28375881', '0.10892683'),
(284, '0.60224390', '0.26247218', '0.13528393'),
(285, '0.07373776', '0.01351168', '0.91275056'),
(286, '0.64042832', '0.06469341', '0.29487826'),
(287, '0.22734895', '0.05601952', '0.71663152'),
(288, '0.70477600', '0.16438376', '0.13084024'),
(289, '0.39770839', '0.50428615', '0.09800545'),
(290, '0.39613442', '0.05801823', '0.54584735'),
(291, '0.70974246', '0.06579648', '0.22446106'),
(292, '0.62030328', '0.05514278', '0.32455394'),
(293, '0.37057171', '0.04605169', '0.58337660'),
(294, '0.74927447', '0.06325579', '0.18746973'),
(295, '0.32769379', '0.04424923', '0.62805698'),
(296, '0.50736515', '0.24064368', '0.25199116'),
(297, '0.73072046', '0.07638556', '0.19289398'),
(298, '0.70060454', '0.16964056', '0.12975490'),
(299, '0.40872174', '0.05235673', '0.53892153'),
(300, '0.74927447', '0.06325579', '0.18746973'),
(301, '0.74131387', '0.14508624', '0.11359989'),
(302, '0.08824412', '0.88143452', '0.03032136'),
(303, '0.60565266', '0.21732903', '0.17701831'),
(304, '0.59561969', '0.26392976', '0.14045056'),
(305, '0.63186768', '0.24738553', '0.12074679'),
(306, '0.24957077', '0.06138341', '0.68904583'),
(307, '0.60224390', '0.26247218', '0.13528393'),
(308, '0.62281157', '0.25033627', '0.12685216'),
(309, '0.66835768', '0.07291194', '0.25873038'),
(310, '0.45941974', '0.22351646', '0.31706380'),
(311, '0.56810358', '0.12682932', '0.30506709'),
(312, '0.35188306', '0.11772607', '0.53039086'),
(313, '0.20175061', '0.03679789', '0.76145149'),
(314, '0.14528588', '0.02692292', '0.82779120'),
(315, '0.10960857', '0.85216117', '0.03823027'),
(316, '0.47849782', '0.07967608', '0.44182610'),
(317, '0.50208668', '0.20974916', '0.28816416'),
(318, '0.15723484', '0.02971755', '0.81304761'),
(319, '0.64065368', '0.03692803', '0.32241829'),
(320, '0.59096956', '0.14764477', '0.26138567'),
(321, '0.13859206', '0.02773293', '0.83367500'),
(322, '0.54655153', '0.29321293', '0.16023554'),
(323, '0.05433136', '0.92127515', '0.02439348'),
(324, '0.69065106', '0.08025603', '0.22909291'),
(325, '0.39268828', '0.13336790', '0.47394382'),
(326, '0.08441306', '0.87667570', '0.03891125'),
(327, '0.39472434', '0.11307707', '0.49219859'),
(328, '0.52493633', '0.10841700', '0.36664667'),
(329, '0.57144336', '0.25730406', '0.17125258'),
(330, '0.45881154', '0.12894382', '0.41224464'),
(331, '0.18362141', '0.76226242', '0.05411617'),
(332, '0.08212030', '0.88694282', '0.03093688'),
(333, '0.48861007', '0.15966267', '0.35172726'),
(334, '0.74959134', '0.05006946', '0.20033919'),
(335, '0.57120083', '0.27637664', '0.15242253'),
(336, '0.69677606', '0.04191013', '0.26131381'),
(337, '0.37722758', '0.08417157', '0.53860085'),
(338, '0.06094024', '0.01095103', '0.92810873'),
(339, '0.33843347', '0.09437778', '0.56718875'),
(340, '0.30829288', '0.06730986', '0.62439726'),
(341, '0.08212030', '0.88694282', '0.03093688'),
(342, '0.63859505', '0.20322896', '0.15817599'),
(343, '0.62958698', '0.11592795', '0.25448507'),
(344, '0.56810358', '0.12682932', '0.30506709'),
(345, '0.77351562', '0.05701485', '0.16946953'),
(346, '0.67377536', '0.10094907', '0.22527557'),
(347, '0.67792893', '0.08946317', '0.23260790'),
(348, '0.46104902', '0.12683428', '0.41211669'),
(349, '0.49698514', '0.23221910', '0.27079575'),
(350, '0.76148396', '0.08801430', '0.15050174'),
(351, '0.60143576', '0.07502639', '0.32353785'),
(352, '0.51882817', '0.20356009', '0.27761173'),
(353, '0.15804931', '0.04127576', '0.80067493'),
(354, '0.08212030', '0.88694282', '0.03093688'),
(355, '0.10042309', '0.01855306', '0.88102385'),
(356, '0.14071199', '0.03207285', '0.82721516'),
(357, '0.72657625', '0.05777336', '0.21565039'),
(358, '0.34382714', '0.08307847', '0.57309438'),
(359, '0.77502575', '0.12839405', '0.09658020'),
(360, '0.11615955', '0.84128559', '0.04255486'),
(361, '0.12759333', '0.02902126', '0.84338541'),
(362, '0.37792065', '0.50807304', '0.11400632'),
(363, '0.23688147', '0.05739979', '0.70571874'),
(364, '0.17943912', '0.05043147', '0.77012941'),
